2013,757162129,       1730875.85
2013,893414056,       1726181.36
2013,648687589,       1726181.36
2013,411597907,       1707751.14
2013,123414075,       1707751.14
2013,538489139,       1696449.59
2013,663961160,       1689494.79
2013,908687627,       1689494.79
2013,854450356,       1687060.61
2013,612832677,       1679931.94
2014,473878371,       1738004.52
2014,205902516,       1736091.95
2014,743273437,       1735570.34
2014,131457269,       1735570.34
2014,641118180,       1733657.77
2014,918522107,       1731397.46
2014,967859303,       1726702.97
2014,399500501,       1726702.97
2014,277137267,       1726702.97
2014,692144954,       1726181.36
2015,477156245,       1737135.17
2015,520613610,       1737135.17
2015,300555741,       1734874.86
2015,103747260,       1734353.25
2015,314444434,       1730180.37
2015,890812098,       1730180.37
2015,969717967,       1730180.37
2015,357901799,       1730180.37
2015,972826755,       1723051.7
2015,219858586,       1720617.52
2016,149063289,       1737656.78
2016,839785325,       1737656.78
2016,638516223,       1737656.78
2016,859993302,       1735918.08
2016,921799981,       1730701.98
2016,842894113,       1730701.98
2016,207828557,       1728789.41
2016,564138352,       1726529.1
2016,221717250,       1724094.92
2016,514361703,       1723573.31
2017,610806214,       1736439.69
2017,654263579,       1736439.69
2017,647944295,       1733483.9
2017,359760463,       1733483.9
2017,305523192,       1731223.59
2017,692820870,       1729311.02
2017,404637038,       1729311.02
2017,957755315,       1727572.32
2017,663252198,       1724616.53
2017,829072797,       1724616.53
2018,803154075,       1737482.91
2018,460732972,       1735222.6
2018,307381856,       1734700.99
2018,807682073,       1726355.23
2018,209754598,       1721660.74
2018,454481065,       1721486.87
2018,159977948,       1718704.95
2018,634190356,       1716792.38
2018,271561276,       1716270.77
2018,383144605,       1714010.46
2019,344689023,       1738178.39
2019,377366483,       1735744.21
2019,310659730,       1733831.64
2019,378785693,       1731571.33
2019,470161044,       1731049.72
2019,490369021,       1729137.15
2019,783013474,       1728615.54
2019,558494985,       1726876.84
2019,680858218,       1726876.84
2019,606412971,       1726355.23
2020,261322534,       1738700
2020,329448497,       1736265.82
2020,428562343,       1734527.12
2020,839109408,       1734527.12
2020,208504474,       1732092.94
2020,986141240,       1732092.94
2020,995569312,       1727920.06
2020,842218196,       1727398.45
2020,775511443,       1725485.88
2020,211613261,       1724964.27
2021,434881627,       1737309.04
2021,261389911,       1727920.06
2021,716813552,       1723747.18
2021,619118916,       1721313
2021,662576282,       1721313
2021,564881646,       1719052.69
2021,485975778,       1719052.69
2021,924300229,       1709663.71
2021,747699725,       1707229.53
2021,914939534,       1703056.65
